650.267	0.00499352	1.24838E-06
700.228	0.00563785	1.40946E-06
750.299	0.0051546	1.28865E-06
850.117	0.00644326	1.61082E-06
900.238	0.00612109	1.53027E-06
950.169	0.00724866	1.81217E-06
1000.19	0.0069265	1.73163E-06
1050.18	0.00773191	1.93298E-06
1100.23	0.00837623	2.09406E-06
1150.16	0.00853731	2.13433E-06
1200.34	0.00966488	2.41622E-06
1300.17	0.00966488	2.41622E-06
1350.27	0.0109535	2.73838E-06
1450.3	0.0120811	3.02028E-06
1500.19	0.0140141	3.50353E-06
1600.22	0.0143362	3.58405E-06
1650.09	0.0149806	3.74515E-06
1700.28	0.0165914	4.14785E-06
1750.16	0.017719	4.42975E-06
1800.26	0.0175579	4.38948E-06
1850.21	0.0190076	4.7519E-06
1900.28	0.0190076	4.7519E-06
1950.21	0.0206184	5.1546E-06
2000.15	0.0201352	5.0338E-06
2050.17	0.0225514	5.63785E-06
2100.11	0.0233568	5.8392E-06
2150.25	0.0240011	6.00028E-06
2200.18	0.0246455	6.16138E-06
2250.24	0.0249676	6.2419E-06
2300.19	0.0270617	6.76543E-06
2350.31	0.0275449	6.88623E-06
2400.22	0.0278671	6.96678E-06
2450.1	0.0298001	7.45003E-06
2500.25	0.0304444	7.6111E-06
2550.16	0.0322163	8.05408E-06
2600.26	0.0338271	8.45678E-06
2650.16	0.0367266	9.18165E-06
2700.29	0.0381763	9.54408E-06
2750.22	0.0393039	9.82598E-06
2800.12	0.0409147	1.02287E-05
2850.27	0.0418812	1.04703E-05
2900.17	0.0447806	1.11952E-05
2950.3	0.0442974	1.10744E-05
3000.18	0.0465525	1.16381E-05
3050.29	0.0478412	1.19603E-05
3100.18	0.0500963	1.25241E-05
3150.27	0.0523514	1.30879E-05
3200.22	0.0526736	1.31684E-05
3250.17	0.0549287	1.37322E-05
3300.22	0.0567006	1.41752E-05
3350.19	0.0583115	1.45779E-05
3400.26	0.0597612	1.49403E-05
3450.21	0.0624996	1.56249E-05
3500.35	0.0631439	1.5786E-05
3550.27	0.065399	1.63498E-05
3600.18	0.0681374	1.70344E-05
3650.24	0.0694261	1.73565E-05
3700.19	0.0715201	1.788E-05
3750.3	0.0742585	1.85646E-05
3800.17	0.0763526	1.90882E-05
3850.27	0.0787688	1.96922E-05
3900.25	0.0802185	2.00546E-05
3950.09	0.0834402	2.08601E-05
4000.24	0.0853731	2.13433E-05
4050.14	0.0874672	2.18668E-05
4100.3	0.0906888	2.26722E-05
4150.21	0.0926218	2.31555E-05
4200.36	0.0947158	2.3679E-05
4250.18	0.0968099	2.42025E-05
4300.27	0.0982596	2.45649E-05
4350.24	0.100998	2.52495E-05
4400.11	0.102448	0.000025612
4450.25	0.105347	2.63368E-05
4500.21	0.106797	2.66993E-05
4550.32	0.110341	2.75853E-05
4600.17	0.11179	2.79475E-05
4650.31	0.114529	2.86323E-05
4700.22	0.117428	0.000029357
4750.14	0.120167	3.00418E-05
4800.25	0.123227	3.08068E-05
4850.17	0.125321	3.13303E-05
4900.27	0.127899	3.19748E-05
4950.15	0.130798	3.26995E-05
5000.3	0.134986	3.37465E-05
5050.23	0.137725	3.44313E-05
5100.14	0.140785	3.51963E-05
5150.2	0.14304	0.00003576
5200.14	0.146745	3.66863E-05
5250.32	0.150772	0.000037693
5300.17	0.153349	3.83373E-05
5350.31	0.156893	3.92233E-05
5400.19	0.160115	4.00288E-05
5450.36	0.164786	4.11965E-05
5500.22	0.167686	4.19215E-05
5550.14	0.172035	4.30088E-05
5600.24	0.176062	4.40155E-05
5650.17	0.180089	4.50223E-05
5700.24	0.184599	4.61498E-05
5750.23	0.187015	4.67538E-05
5800.27	0.191204	0.000047801
5850.19	0.194747	4.86868E-05
5900.17	0.19958	0.000049895
5950.27	0.205218	5.13045E-05
6000.16	0.2086	0.00005215
6050.23	0.212466	5.31165E-05
6100.18	0.216816	0.000054204
6150.3	0.222131	5.55328E-05
6200.24	0.226319	5.65798E-05
6250.38	0.231635	5.79088E-05
6300.26	0.236145	5.90363E-05
6350.13	0.241622	6.04055E-05
6400.27	0.246132	0.000061533
6450.16	0.251287	6.28218E-05
6500.35	0.257569	6.43923E-05
6550.19	0.261757	6.54393E-05
6600.32	0.267395	6.68488E-05
6650.23	0.272389	6.80973E-05
6700.14	0.279476	0.000069869
6750.27	0.284148	0.000071037
6800.2	0.289463	7.23658E-05
6850.31	0.295745	7.39363E-05
6900.23	0.301867	7.54668E-05
6950.35	0.307988	0.000076997
7000.22	0.315558	7.88895E-05
7050.13	0.32168	0.00008042
7100.24	0.328445	8.21113E-05
7150.2	0.331183	8.27958E-05
7200.27	0.342137	8.55343E-05
7250.22	0.348741	8.71853E-05
7300.29	0.354862	8.87155E-05
7350.25	0.362433	9.06083E-05
7400.32	0.370487	9.26218E-05
7450.23	0.377575	9.43938E-05
7500.18	0.386434	9.66085E-05
7550.3	0.392555	9.81388E-05
7600.18	0.401898	0.000100475
7650.31	0.409147	0.000102287
7700.2	0.417684	0.000104421
7750.39	0.425416	0.000106354
7800.26	0.435564	0.000108891
7850.19	0.444262	0.000111066
7900.29	0.453605	0.000113401
7950.16	0.461659	0.000115415
8000.32	0.472291	0.000118073
8050.22	0.481633	0.000120408
8100.26	0.491298	0.000122825
8150.24	0.50193	0.000125483
8200.15	0.512561	0.00012814
8250.22	0.52287	0.000130718
8300.15	0.533502	0.000133376
8350.22	0.545905	0.000136476
8400.21	0.556214	0.000139054
8450.3	0.568778	0.000142195
8500.28	0.581343	0.000145336
8550.29	0.593907	0.000148477
8600.22	0.60631	0.000151578
8650.19	0.618391	0.000154598
8700.26	0.6316	0.0001579
8750.22	0.645936	0.000161484
8800.3	0.658662	0.000164666
8850.21	0.672998	0.00016825
8900.31	0.687979	0.000171995
8950.26	0.704087	0.000176022
9000.27	0.718423	0.000179606
9050.26	0.736142	0.000184036
9100.21	0.745324	0.000186331
9150.25	0.769164	0.000192291
9200.24	0.785111	0.000196278
9250.26	0.803635	0.000200909
9300.23	0.821193	0.000205298
9350.34	0.840684	0.000210171
9400.27	0.858725	0.000214681
9450.21	0.879666	0.000219917
9500.27	0.900284	0.000225071
9550.18	0.921225	0.000230306
9600.27	0.943776	0.000235944
9650.23	0.9652	0.0002413
9700.3	0.98904	0.00024726
9750.23	1.01336	0.00025334
9800.14	1.0372	0.0002593
9850.27	1.06153	0.000265383
9900.17	1.08907	0.000272268
9950.28	1.11452	0.00027863
10000.2	1.14368	0.00028592
10050.3	1.17412	0.00029353
10100.2	1.20118	0.000300295
10150.2	1.23195	0.000307988
10200.3	1.26481	0.000316203
10250.2	1.29848	0.00032462
10300.4	1.33198	0.000332995
10350.2	1.36774	0.000341935
10400.3	1.40495	0.000351238
10450.2	1.44329	0.000360823
10500.4	1.48356	0.00037089
10550.3	1.5256	0.0003814
10600.2	1.56587	0.000391468
10650.3	1.61065	0.000402663
10700.2	1.66011	0.000415028
10750.3	1.70924	0.00042731
10800.2	1.75772	0.00043943
10850.3	1.80943	0.000452358
10900.3	1.86452	0.00046613
10950.2	1.91735	0.000479338
11000.3	1.97599	0.000493998
11050.2	2.03655	0.000509138
11100.3	2.09535	0.000523838
11150.2	2.16268	0.00054067
11200.3	2.22776	0.00055694
11250.2	2.29525	0.000573813
11300.1	2.36162	0.000590405
11350.3	2.43765	0.000609413
11400.2	2.50176	0.00062544
11450.3	2.58633	0.000646583
11500.2	2.6448	0.0006612
11550.4	2.71761	0.000679403
11600.2	2.81007	0.000702518
11650.4	2.88046	0.000720115
11700.3	2.95005	0.000737513
11750.2	3.03349	0.000758373
11800.2	3.11999	0.000779998
11850.2	3.20327	0.000800818
11900.3	3.28236	0.00082059
11950.3	3.31313	0.000828283
12000.3	3.42879	0.000857198
12050.3	3.44151	0.000860378
12100.2	3.58165	0.000895413
12150.3	3.64737	0.000911843
12200.1	3.70182	0.000925455
12250.3	3.74531	0.000936328
12300.2	3.78123	0.000945308
12350.3	3.80507	0.000951268
12400.2	3.83745	0.000959363
12450.3	3.8236	0.0009559
12500.3	3.81957	0.000954893
12550.1	3.87949	0.000969873
12600.3	3.78381	0.000945953
12650.2	3.85163	0.000962908
12700.3	3.71986	0.000929965
12750.2	3.68088	0.00092022
12800.3	3.64109	0.000910273
12850.2	3.60678	0.000901695
12900.2	3.57779	0.000894448
12950.3	3.54509	0.000886273
13000.3	3.55523	0.000888808
13050.3	3.49306	0.000873265
13100.2	3.46293	0.000865733
13150.4	3.44199	0.000860498
13200.3	3.41187	0.000852968
13250.2	3.37821	0.000844553
13300.3	3.34309	0.000835773
13350.2	3.24241	0.000810603
13400.3	3.26786	0.000816965
13450.2	3.2263	0.000806575
13500.3	3.18442	0.000796105
13550.3	3.14319	0.000785798
13600.4	3.03736	0.00075934
13650.3	3.05733	0.000764333
13700.2	3.0169	0.000754225
13750.4	2.97292	0.00074323
13800.2	2.93233	0.000733083
13850.3	2.89448	0.00072362
13900.2	2.85292	0.00071323
13950.3	2.81474	0.000703685
14000.3	2.77318	0.000693295
14050.2	2.73581	0.000683953
14100.3	2.69731	0.000674328
14150.2	2.66252	0.00066563
14200.3	2.62499	0.000656248
14250.1	2.58842	0.000647105
14300.3	2.55298	0.000638245
14350.3	2.51819	0.000629548
14400.2	2.49209	0.000623023
14450.2	2.46245	0.000615613
14500.2	2.42557	0.000606393
14550.4	2.40205	0.000600513
14600.3	2.37483	0.000593708
14650.3	2.33021	0.000582553
14700.2	2.3033	0.000575825
14750.4	2.27721	0.000569303
14800.2	2.25417	0.000563543
14850.2	2.2276	0.0005569
14900.3	2.20327	0.000550818
14950.2	2.18104	0.00054526
15000.3	2.14754	0.000536885
15050.3	2.13433	0.000533583
15100.3	2.11436	0.00052859
15150.3	2.09068	0.00052267
15200.1	2.07038	0.000517595
15250.3	2.05121	0.000512803
15300.3	2.03768	0.00050942
15350.3	2.01078	0.000502695
15400.3	1.99338	0.000498345
15450.4	1.97357	0.000493393
15500.3	1.96165	0.000490413
15550.3	1.9399	0.000484975
15600.3	1.91912	0.00047978
15650.2	1.90334	0.000475835
15700.3	1.88787	0.000471968
15750.2	1.86983	0.000467458
15800.4	1.85308	0.00046327
15850.2	1.83794	0.000459485
15900.4	1.82312	0.00045578
15950.3	1.80862	0.000452155
16000.2	1.79187	0.000447968
16050.2	1.78156	0.00044539
16100.3	1.76932	0.00044233
16150.3	1.75772	0.00043943
16200.3	1.74097	0.000435243
16250.3	1.72647	0.000431618
16300.3	1.71278	0.000428195
16350.2	1.70086	0.000425215
16400.3	1.6891	0.000422275
16450.3	1.67815	0.000419538
16500.3	1.66397	0.000415993
16550.2	1.65334	0.000413335
16600.4	1.64706	0.000411765
16650.3	1.55637	0.000389093
16700.5	1.62016	0.00040504
16750.3	1.60936	0.00040234
16800.3	1.59954	0.000399885
16850.3	1.59132	0.00039783
16900.2	1.58536	0.00039634
16950.3	1.57602	0.000394005
17000.3	1.56426	0.000391065
17050.4	1.55299	0.000388248
17100.3	1.54203	0.000385508
17150.2	1.53092	0.00038273
17200.3	1.52303	0.000380758
17250.2	1.51433	0.000378583
17300.3	1.50579	0.000376448
17350.3	1.4979	0.000374475
17400.4	1.48952	0.00037238
17450.3	1.48034	0.000370085
17500.2	1.47357	0.000368393
17550.3	1.46536	0.00036634
17600.2	1.45569	0.000363923
17650.3	1.44651	0.000361628
17700.3	1.44168	0.00036042
17750.4	1.43475	0.000358688
17800.3	1.42766	0.000356915
17850.4	1.42025	0.000355063
17900.3	1.41397	0.000353493
17950.2	1.40882	0.000352205
18000.3	1.39899	0.000349748
18050.2	1.39271	0.000348178
18100.4	1.38739	0.000346848
18150.3	1.38433	0.000346083
18200.4	1.37354	0.000343385
18250.3	1.37161	0.000342903
18300.2	1.36017	0.000340043
18350.3	1.35453	0.000338633
18400.2	1.35035	0.000337588
18450.3	1.34439	0.000336098
18500.3	1.33955	0.000334888
18550.3	1.33375	0.000333438
18600.3	1.32924	0.00033231
18650.2	1.3257	0.000331425
18700.3	1.31813	0.000329533
18750.2	1.31008	0.00032752
18800.3	1.30556	0.00032639
18850.3	1.29832	0.00032458
18900.3	1.29477	0.000323693
18950.3	1.29042	0.000322605
19000.4	1.28479	0.000321198
19050.4	1.27754	0.000319385
19100.2	1.27625	0.000319063
19150.4	1.2698	0.00031745
19200.3	1.26481	0.000316203
19250.3	1.26223	0.000315558
19300.3	1.25708	0.00031427
19350.4	1.25611	0.000314028
19400.3	1.24951	0.000312378
19450.2	1.24355	0.000310888
19500.3	1.23936	0.00030984
19550.3	1.23566	0.000308915
19600.3	1.23179	0.000307948
19650.2	1.2276	0.0003069
19700.3	1.22277	0.000305693
19750.3	1.21955	0.000304888
19800.4	1.21488	0.00030372
19850.3	1.21133	0.000302833
19900.3	1.20634	0.000301585
19950.3	1.20279	0.000300698
20000.3	1.14561	0.000286403
20050.4	1.19732	0.00029933
20100.3	1.19216	0.00029804
20150.4	1.18878	0.000297195
20200.3	1.18443	0.000296108
20250.2	1.18137	0.000295343
20300.3	1.17912	0.00029478
20350.3	1.17686	0.000294215
20400.3	1.17396	0.00029349
20450.3	1.17187	0.000292968
20500.4	1.16784	0.00029196
20550.3	1.16301	0.000290753
20600.2	1.15882	0.000289705
20650.3	1.15608	0.00028902
20700.2	1.15173	0.000287933
20750.3	1.14867	0.000287168
20800.3	1.14626	0.000286565
20850.4	1.14175	0.000285438
20950.4	1.1353	0.000283825
21000.3	1.13305	0.000283263
21050.2	1.12838	0.000282095
21100.4	1.12725	0.000281813
21200.4	1.12032	0.00028008
21250.3	1.11952	0.00027988
21300.4	1.11726	0.000279315
21350.3	1.1142	0.00027855
21400.2	1.11114	0.000277785
21450.3	1.10808	0.00027702
21500.2	1.10615	0.000276538
21550.3	1.10534	0.000276335
21600.2	1.10115	0.000275288
21650.3	1.09858	0.000274645
21700.3	1.09632	0.00027408
21750.2	1.09535	0.000273838
21800.3	1.09229	0.000273073
21850.3	1.09052	0.00027263
21900.3	1.08923	0.000272308
21950.3	1.08601	0.000271503